{
 "cells": [
  {
   "cell_type": "code",
   "execution_count": 173,
   "metadata": {},
   "outputs": [],
   "source": [
    "import pandas as pd\n",
    "import numpy as np\n",
    "import seaborn as sns\n",
    "import matplotlib.pyplot as plt\n",
    "from sklearn.model_selection import train_test_split\n",
    "from sklearn.ensemble import RandomForestRegressor, ExtraTreesRegressor  # Importar ExtraTreesRegressor\n",
    "from sklearn.linear_model import LinearRegression\n",
    "from sklearn.metrics import mean_squared_error, mean_absolute_error, r2_score\n",
    "from sklearn.model_selection import RandomizedSearchCV\n",
    "from _pickle import PickleBuffer\n",
    "import pickle\n",
    "\n",
    "\n",
    "\n",
    "# Cargar el dataset procesado\n",
    "data = pd.read_csv('data_procesada.csv')"
   ]
  },
  {
   "cell_type": "code",
   "execution_count": 174,
   "metadata": {},
   "outputs": [
    {
     "data": {
      "text/html": [
       "<div>\n",
       "<style scoped>\n",
       "    .dataframe tbody tr th:only-of-type {\n",
       "        vertical-align: middle;\n",
       "    }\n",
       "\n",
       "    .dataframe tbody tr th {\n",
       "        vertical-align: top;\n",
       "    }\n",
       "\n",
       "    .dataframe thead th {\n",
       "        text-align: right;\n",
       "    }\n",
       "</style>\n",
       "<table border=\"1\" class=\"dataframe\">\n",
       "  <thead>\n",
       "    <tr style=\"text-align: right;\">\n",
       "      <th></th>\n",
       "      <th>Marca_Audi</th>\n",
       "      <th>Marca_BMW</th>\n",
       "      <th>Marca_Mercedes</th>\n",
       "      <th>Marca_Opel</th>\n",
       "      <th>Marca_Porsche</th>\n",
       "      <th>Marca_Volkswagen</th>\n",
       "      <th>Modelo_3 Series</th>\n",
       "      <th>Modelo_5 Series</th>\n",
       "      <th>Modelo_A3</th>\n",
       "      <th>Modelo_A4</th>\n",
       "      <th>...</th>\n",
       "      <th>Transmision_Manual</th>\n",
       "      <th>Categoria_Kilometraje_Bajo</th>\n",
       "      <th>Categoria_Kilometraje_Medio</th>\n",
       "      <th>Categoria_Kilometraje_Alto</th>\n",
       "      <th>Ciudad_Berlin</th>\n",
       "      <th>Ciudad_Cologne</th>\n",
       "      <th>Ciudad_Frankfurt</th>\n",
       "      <th>Ciudad_Hamburg</th>\n",
       "      <th>Ciudad_Munich</th>\n",
       "      <th>Precio_Venta</th>\n",
       "    </tr>\n",
       "  </thead>\n",
       "  <tbody>\n",
       "    <tr>\n",
       "      <th>0</th>\n",
       "      <td>1.0</td>\n",
       "      <td>0.0</td>\n",
       "      <td>0.0</td>\n",
       "      <td>0.0</td>\n",
       "      <td>0.0</td>\n",
       "      <td>0.0</td>\n",
       "      <td>0.0</td>\n",
       "      <td>0.0</td>\n",
       "      <td>0.0</td>\n",
       "      <td>0.0</td>\n",
       "      <td>...</td>\n",
       "      <td>0.0</td>\n",
       "      <td>0.0</td>\n",
       "      <td>0.0</td>\n",
       "      <td>1.0</td>\n",
       "      <td>0.0</td>\n",
       "      <td>1.0</td>\n",
       "      <td>0.0</td>\n",
       "      <td>0.0</td>\n",
       "      <td>0.0</td>\n",
       "      <td>12063.27</td>\n",
       "    </tr>\n",
       "    <tr>\n",
       "      <th>1</th>\n",
       "      <td>0.0</td>\n",
       "      <td>0.0</td>\n",
       "      <td>0.0</td>\n",
       "      <td>1.0</td>\n",
       "      <td>0.0</td>\n",
       "      <td>0.0</td>\n",
       "      <td>0.0</td>\n",
       "      <td>0.0</td>\n",
       "      <td>0.0</td>\n",
       "      <td>0.0</td>\n",
       "      <td>...</td>\n",
       "      <td>0.0</td>\n",
       "      <td>1.0</td>\n",
       "      <td>0.0</td>\n",
       "      <td>0.0</td>\n",
       "      <td>1.0</td>\n",
       "      <td>0.0</td>\n",
       "      <td>0.0</td>\n",
       "      <td>0.0</td>\n",
       "      <td>0.0</td>\n",
       "      <td>33890.58</td>\n",
       "    </tr>\n",
       "    <tr>\n",
       "      <th>2</th>\n",
       "      <td>0.0</td>\n",
       "      <td>0.0</td>\n",
       "      <td>1.0</td>\n",
       "      <td>0.0</td>\n",
       "      <td>0.0</td>\n",
       "      <td>0.0</td>\n",
       "      <td>0.0</td>\n",
       "      <td>0.0</td>\n",
       "      <td>0.0</td>\n",
       "      <td>0.0</td>\n",
       "      <td>...</td>\n",
       "      <td>0.0</td>\n",
       "      <td>0.0</td>\n",
       "      <td>1.0</td>\n",
       "      <td>0.0</td>\n",
       "      <td>1.0</td>\n",
       "      <td>0.0</td>\n",
       "      <td>0.0</td>\n",
       "      <td>0.0</td>\n",
       "      <td>0.0</td>\n",
       "      <td>92639.12</td>\n",
       "    </tr>\n",
       "    <tr>\n",
       "      <th>3</th>\n",
       "      <td>0.0</td>\n",
       "      <td>0.0</td>\n",
       "      <td>0.0</td>\n",
       "      <td>0.0</td>\n",
       "      <td>0.0</td>\n",
       "      <td>1.0</td>\n",
       "      <td>0.0</td>\n",
       "      <td>0.0</td>\n",
       "      <td>0.0</td>\n",
       "      <td>0.0</td>\n",
       "      <td>...</td>\n",
       "      <td>0.0</td>\n",
       "      <td>0.0</td>\n",
       "      <td>1.0</td>\n",
       "      <td>0.0</td>\n",
       "      <td>0.0</td>\n",
       "      <td>0.0</td>\n",
       "      <td>0.0</td>\n",
       "      <td>0.0</td>\n",
       "      <td>1.0</td>\n",
       "      <td>88003.50</td>\n",
       "    </tr>\n",
       "    <tr>\n",
       "      <th>4</th>\n",
       "      <td>0.0</td>\n",
       "      <td>0.0</td>\n",
       "      <td>0.0</td>\n",
       "      <td>1.0</td>\n",
       "      <td>0.0</td>\n",
       "      <td>0.0</td>\n",
       "      <td>0.0</td>\n",
       "      <td>0.0</td>\n",
       "      <td>0.0</td>\n",
       "      <td>0.0</td>\n",
       "      <td>...</td>\n",
       "      <td>1.0</td>\n",
       "      <td>1.0</td>\n",
       "      <td>0.0</td>\n",
       "      <td>0.0</td>\n",
       "      <td>0.0</td>\n",
       "      <td>0.0</td>\n",
       "      <td>0.0</td>\n",
       "      <td>1.0</td>\n",
       "      <td>0.0</td>\n",
       "      <td>26028.97</td>\n",
       "    </tr>\n",
       "  </tbody>\n",
       "</table>\n",
       "<p>5 rows × 48 columns</p>\n",
       "</div>"
      ],
      "text/plain": [
       "   Marca_Audi  Marca_BMW  Marca_Mercedes  Marca_Opel  Marca_Porsche  \\\n",
       "0         1.0        0.0             0.0         0.0            0.0   \n",
       "1         0.0        0.0             0.0         1.0            0.0   \n",
       "2         0.0        0.0             1.0         0.0            0.0   \n",
       "3         0.0        0.0             0.0         0.0            0.0   \n",
       "4         0.0        0.0             0.0         1.0            0.0   \n",
       "\n",
       "   Marca_Volkswagen  Modelo_3 Series  Modelo_5 Series  Modelo_A3  Modelo_A4  \\\n",
       "0               0.0              0.0              0.0        0.0        0.0   \n",
       "1               0.0              0.0              0.0        0.0        0.0   \n",
       "2               0.0              0.0              0.0        0.0        0.0   \n",
       "3               1.0              0.0              0.0        0.0        0.0   \n",
       "4               0.0              0.0              0.0        0.0        0.0   \n",
       "\n",
       "   ...  Transmision_Manual  Categoria_Kilometraje_Bajo  \\\n",
       "0  ...                 0.0                         0.0   \n",
       "1  ...                 0.0                         1.0   \n",
       "2  ...                 0.0                         0.0   \n",
       "3  ...                 0.0                         0.0   \n",
       "4  ...                 1.0                         1.0   \n",
       "\n",
       "   Categoria_Kilometraje_Medio  Categoria_Kilometraje_Alto  Ciudad_Berlin  \\\n",
       "0                          0.0                         1.0            0.0   \n",
       "1                          0.0                         0.0            1.0   \n",
       "2                          1.0                         0.0            1.0   \n",
       "3                          1.0                         0.0            0.0   \n",
       "4                          0.0                         0.0            0.0   \n",
       "\n",
       "   Ciudad_Cologne  Ciudad_Frankfurt  Ciudad_Hamburg  Ciudad_Munich  \\\n",
       "0             1.0               0.0             0.0            0.0   \n",
       "1             0.0               0.0             0.0            0.0   \n",
       "2             0.0               0.0             0.0            0.0   \n",
       "3             0.0               0.0             0.0            1.0   \n",
       "4             0.0               0.0             1.0            0.0   \n",
       "\n",
       "   Precio_Venta  \n",
       "0      12063.27  \n",
       "1      33890.58  \n",
       "2      92639.12  \n",
       "3      88003.50  \n",
       "4      26028.97  \n",
       "\n",
       "[5 rows x 48 columns]"
      ]
     },
     "execution_count": 174,
     "metadata": {},
     "output_type": "execute_result"
    }
   ],
   "source": [
    "data.head()"
   ]
  },
  {
   "cell_type": "code",
   "execution_count": 175,
   "metadata": {},
   "outputs": [],
   "source": [
    "# # Calcular la matriz de correlación\n",
    "# correlation_matrix = data.corr()\n",
    "\n",
    "# # Configurar el tamaño del gráfico\n",
    "# plt.figure(figsize=(96, 64))\n",
    "\n",
    "# # Crear un mapa de calor para la matriz de correlación\n",
    "# sns.heatmap(correlation_matrix, annot=True, fmt=\".2f\", cmap='coolwarm', square=True, cbar=True)\n",
    "\n",
    "# # Configurar el título y etiquetas\n",
    "# plt.title('Matriz de Correlación de Variables', fontsize=16)\n",
    "# plt.xticks(rotation=45)\n",
    "# plt.yticks(rotation=0)\n",
    "\n",
    "# # Mostrar el gráfico\n",
    "# plt.tight_layout()\n",
    "# plt.show()"
   ]
  },
  {
   "cell_type": "code",
   "execution_count": 176,
   "metadata": {},
   "outputs": [
    {
     "name": "stdout",
     "output_type": "stream",
     "text": [
      "                             Marca_Audi  Marca_BMW  Marca_Mercedes  Marca_Opel  Marca_Porsche  Marca_Volkswagen  Modelo_3 Series  Modelo_5 Series     Modelo_A3     Modelo_A4  Modelo_Astra  Modelo_C-Class  Modelo_Cayenne  Modelo_Corsa  Modelo_E-Class  Modelo_GLA  Modelo_GLE  Modelo_Golf  Modelo_Insignia  Modelo_Macan  Modelo_Panamera  Modelo_Passat  Modelo_Polo  Modelo_Q5  Modelo_Q7  Modelo_Tiguan  Modelo_X3  Modelo_X5       Año  Antigüedad  Kilometraje  Tipo_Combustible_Diésel  Tipo_Combustible_Eléctrico  Tipo_Combustible_Gasolina  Tipo_Combustible_Híbrido  Consumo_Combustible_L_100km  Potencia_HP  Transmision_Automática  Transmision_Manual  Categoria_Kilometraje_Bajo  Categoria_Kilometraje_Medio  Categoria_Kilometraje_Alto  Ciudad_Berlin  Ciudad_Cologne  Ciudad_Frankfurt  Ciudad_Hamburg  Ciudad_Munich  Precio_Venta\n",
      "Marca_Audi                     1.000000  -0.173393       -0.179505   -0.173393      -0.165966         -0.187966        -0.093316        -0.078206  4.590162e-01  5.327797e-01     -0.096796       -0.095068       -0.100184     -0.093316       -0.080221   -0.071878   -0.084130    -0.076147        -0.091537     -0.084130        -0.086030      -0.076147    -0.089731   0.426442   0.474559      -0.101846  -0.076147  -0.074039 -0.071123    0.071123     0.037802                 0.036299                   -0.007005                  -0.030744                  0.003558                    -0.036727    -0.094566                0.051285           -0.051285                   -0.027119                     0.056271                   -0.028613      -0.025118   -2.693886e-02         -0.011987        0.034973       0.030153     -0.018811\n",
      "Marca_BMW                     -0.173393   1.000000       -0.212039   -0.204819      -0.196046         -0.222034         0.538174         0.451034 -7.959031e-02 -9.238039e-02     -0.114340       -0.112299       -0.118342     -0.110228       -0.094760   -0.084906   -0.099378    -0.089948        -0.108128     -0.099378        -0.101622      -0.089948    -0.105994  -0.073942  -0.082285      -0.120305   0.439156   0.426999 -0.037444    0.037444     0.081640                 0.022787                   -0.035655                   0.000600                  0.013475                     0.128849     0.086277                0.012789           -0.012789                   -0.073687                    -0.061192                    0.128341       0.042355    6.655436e-02         -0.017596        0.002271      -0.095118      0.010206\n",
      "Marca_Mercedes                -0.179505  -0.212039        1.000000   -0.212039      -0.202956         -0.229860        -0.114114        -0.095637 -8.239561e-02 -9.563651e-02     -0.118370        0.529614       -0.122513     -0.114114        0.446902    0.400425    0.468679    -0.093118        -0.111939     -0.102881        -0.105204      -0.093118    -0.109730  -0.076548  -0.085186      -0.124545  -0.093118  -0.090540  0.057581   -0.057581     0.081579                -0.041573                   -0.002618                   0.090289                 -0.050042                    -0.052157    -0.026495               -0.085443            0.085443                   -0.066242                    -0.010919                    0.072930      -0.023776    5.205792e-02          0.045035       -0.023776      -0.052230      0.019369\n",
      "Marca_Opel                    -0.173393  -0.204819       -0.212039    1.000000      -0.196046         -0.222034        -0.110228        -0.092380 -7.959031e-02 -9.238039e-02      0.558247       -0.112299       -0.118342      0.538174       -0.094760   -0.084906   -0.099378    -0.089948         0.527917     -0.099378        -0.101622      -0.089948    -0.105994  -0.073942  -0.082285      -0.120305  -0.089948  -0.087458 -0.034540    0.034540    -0.074901                 0.060979                   -0.108669                   0.024585                  0.025838                    -0.078130     0.005607               -0.040497            0.040497                    0.089286                    -0.027007                   -0.058137      -0.011090   -6.655436e-02          0.034157       -0.011090       0.054782      0.014957\n",
      "Marca_Porsche                 -0.165966  -0.196046       -0.202956   -0.196046       1.000000         -0.212523        -0.105507        -0.088423 -7.618110e-02 -8.842333e-02     -0.109442       -0.107488        0.603642     -0.105507       -0.090701   -0.081269   -0.095121    -0.086095        -0.103496      0.506912         0.518358      -0.086095    -0.101454  -0.070775  -0.078761      -0.115152  -0.086095  -0.083712  0.019089   -0.019089    -0.027494                -0.076749                    0.032810                  -0.041129                  0.083597                    -0.015368     0.008523                0.000878           -0.000878                   -0.006498                     0.041802                   -0.034117      -0.050115    1.645003e-02          0.025797       -0.036355       0.044180     -0.077880\n",
      "Marca_Volkswagen              -0.187966  -0.222034       -0.229860   -0.222034      -0.212523          1.000000        -0.119493        -0.100145 -8.627960e-02 -1.001446e-01     -0.123950       -0.121737       -0.128288     -0.119493       -0.102725   -0.092042   -0.107730     0.405108        -0.117215     -0.107730        -0.110163       0.405108     0.477380  -0.080157  -0.089201       0.541833  -0.097507  -0.094808  0.054919   -0.054919    -0.092240                 0.000943                    0.115297                  -0.047734                 -0.068842                     0.047700     0.010493                0.065197           -0.065197                    0.078447                     0.008292                   -0.081902       0.060847   -4.299130e-02         -0.073154        0.035462       0.022835      0.045007\n",
      "Modelo_3 Series               -0.093316   0.538174       -0.114114   -0.110228      -0.105507         -0.119493         1.000000        -0.049717 -4.283342e-02 -4.971671e-02     -0.061535       -0.060436       -0.063688     -0.059322       -0.050998   -0.045694   -0.053483    -0.048407        -0.058191     -0.053483        -0.054690      -0.048407    -0.057043  -0.039794  -0.044284      -0.064745  -0.048407  -0.047067 -0.057672    0.057672     0.013480                 0.013976                   -0.004453                   0.008621                 -0.017935                     0.068344     0.045981               -0.025072            0.025072                   -0.006542                    -0.037532                    0.042294       0.053612    8.698613e-03          0.020123       -0.055533      -0.028141      0.090402\n",
      "Modelo_5 Series               -0.078206   0.451034       -0.095637   -0.092380      -0.088423         -0.100145        -0.049717         1.000000 -3.589791e-02 -4.166667e-02     -0.051571       -0.050650       -0.053376     -0.049717       -0.042740   -0.038295   -0.044823    -0.040569        -0.048769     -0.044823        -0.045835      -0.040569    -0.047807  -0.033350  -0.037113      -0.054262  -0.040569  -0.039446 -0.005643    0.005643     0.093400                 0.011713                   -0.073712                   0.059772                  0.001896                     0.074595     0.065577                0.049029           -0.049029                   -0.066051                    -0.031455                    0.092519      -0.050200    1.275776e-01         -0.032738        0.001024      -0.045975     -0.074269\n",
      "Modelo_A3                      0.459016  -0.079590       -0.082396   -0.079590      -0.076181         -0.086280        -0.042833        -0.035898  1.000000e+00 -3.589791e-02     -0.044431       -0.043638       -0.045986     -0.042833       -0.036823   -0.032993   -0.038617    -0.034953        -0.042017     -0.038617        -0.039489      -0.034953    -0.041188  -0.028733  -0.031975      -0.046749  -0.034953  -0.033985 -0.018188    0.018188    -0.005964                 0.045132                    0.003483                  -0.054137                  0.008439                    -0.093108     0.022114                0.018774           -0.018774                    0.013586                     0.029358                   -0.041062      -0.087382    2.211786e-17          0.021653        0.059725       0.005401     -0.029722\n",
      "Modelo_A4                      0.532780  -0.092380       -0.095637   -0.092380      -0.088423         -0.100145        -0.049717        -0.041667 -3.589791e-02  1.000000e+00     -0.051571       -0.050650       -0.053376     -0.049717       -0.042740   -0.038295   -0.044823    -0.040569        -0.048769     -0.044823        -0.045835      -0.040569    -0.047807  -0.033350  -0.037113      -0.054262  -0.040569  -0.039446 -0.040909    0.040909     0.011342                -0.012689                   -0.027059                  -0.009196                  0.049292                     0.059202    -0.094285                0.049029           -0.049029                    0.000893                    -0.009611                    0.008411       0.026637   -1.690822e-17         -0.057540        0.026637       0.006269      0.029382\n",
      "Modelo_Astra                  -0.096796  -0.114340       -0.118370    0.558247      -0.109442         -0.123950        -0.061535        -0.051571 -4.443104e-02 -5.157106e-02      1.000000       -0.062690       -0.066064     -0.061535       -0.052900   -0.047398   -0.055477    -0.050213        -0.060362     -0.055477        -0.056730      -0.050213    -0.059171  -0.041278  -0.045936      -0.067160  -0.050213  -0.048823 -0.030723    0.030723    -0.128208                 0.024565                   -0.014243                  -0.039835                  0.031678                    -0.056598     0.033717               -0.040456            0.040456                    0.129993                    -0.047943                   -0.076341      -0.019865   -4.210760e-02          0.051571       -0.019865       0.029314     -0.022596\n",
      "Modelo_C-Class                -0.095068  -0.112299        0.529614   -0.112299      -0.107488         -0.121737        -0.060436        -0.050650 -4.363785e-02 -5.065041e-02     -0.062690        1.000000       -0.064884     -0.060436       -0.051955   -0.046552   -0.054487    -0.049317        -0.059284     -0.054487        -0.055717      -0.049317    -0.058115  -0.040541  -0.045116      -0.065961  -0.049317  -0.047951  0.011269   -0.011269     0.095433                -0.011334                   -0.028982                   0.041822                 -0.002662                    -0.061276    -0.025535               -0.101389            0.101389                   -0.105547                     0.012123                    0.087787       0.005540    4.706014e-02          0.015303       -0.058876      -0.009899      0.018087\n",
      "Modelo_Cayenne                -0.100184  -0.118342       -0.122513   -0.118342       0.603642         -0.128288        -0.063688        -0.053376 -4.598613e-02 -5.337605e-02     -0.066064       -0.064884        1.000000     -0.063688       -0.054751   -0.049057   -0.057419    -0.051970        -0.062475     -0.057419        -0.058716      -0.051970    -0.061242  -0.042723  -0.047543      -0.069511  -0.051970  -0.050532  0.018333   -0.018333    -0.014509                -0.004533                   -0.042134                  -0.048592                  0.097296                    -0.025221     0.054303                0.026824           -0.026824                    0.008290                    -0.005317                   -0.002694      -0.047902    1.225726e-02          0.021605       -0.027396       0.041494     -0.060145\n",
      "Modelo_Corsa                  -0.093316  -0.110228       -0.114114    0.538174      -0.105507         -0.119493        -0.059322        -0.049717 -4.283342e-02 -4.971671e-02     -0.061535       -0.060436       -0.063688      1.000000       -0.050998   -0.045694   -0.053483    -0.048407        -0.058191     -0.053483        -0.054690      -0.048407    -0.057043  -0.039794  -0.044284      -0.064745  -0.048407  -0.047067  0.002443   -0.002443    -0.048005                 0.034775                   -0.064096                   0.028214                  0.002262                    -0.060226    -0.009495               -0.042483            0.042483                    0.050513                    -0.000298                   -0.047311       0.053612   -5.654098e-02         -0.043291       -0.011875       0.060913     -0.008074\n",
      "Modelo_E-Class                -0.080221  -0.094760        0.446902   -0.094760      -0.090701         -0.102725        -0.050998        -0.042740 -3.682279e-02 -4.274017e-02     -0.052900       -0.051955       -0.054751     -0.050998        1.000000   -0.039282   -0.045978    -0.041615        -0.050026     -0.045978        -0.047016      -0.041615    -0.049039  -0.034210  -0.038070      -0.055660  -0.041615  -0.040463 -0.022380    0.022380     0.006746                -0.041624                    0.036051                   0.029870                 -0.026994                    -0.060327     0.034319               -0.001597            0.001597                   -0.005624                    -0.037600                    0.041494      -0.003953    4.486783e-02         -0.012987       -0.028974       0.001327      0.051175\n",
      "Modelo_GLA                    -0.071878  -0.084906        0.400425   -0.084906      -0.081269         -0.092042        -0.045694        -0.038295 -3.299329e-02 -3.829528e-02     -0.047398       -0.046552       -0.049057     -0.045694       -0.039282    1.000000   -0.041196    -0.037287        -0.044823     -0.041196        -0.042126      -0.037287    -0.043939  -0.030652  -0.034111      -0.049871  -0.037287  -0.036255  0.017794   -0.017794    -0.004172                 0.056941                   -0.009736                   0.010192                 -0.055912                     0.067727    -0.006738               -0.025623            0.025623                    0.022536                    -0.011195                   -0.010459      -0.010136   -3.862514e-02          0.062431        0.017558      -0.033781     -0.011067\n",
      "Modelo_GLE                    -0.084130  -0.099378        0.468679   -0.099378      -0.095121         -0.107730        -0.053483        -0.044823 -3.861709e-02 -4.482281e-02     -0.055477       -0.054487       -0.057419     -0.053483       -0.045978   -0.041196    1.000000    -0.043642        -0.052463     -0.048218        -0.049307      -0.043642    -0.051428  -0.035877  -0.039925      -0.058372  -0.043642  -0.042434  0.099063   -0.099063     0.040278                -0.073001                    0.001440                   0.081503                 -0.014586                    -0.028109    -0.047132               -0.019874            0.019874                   -0.017826                     0.012137                    0.005114      -0.037231    3.341527e-02          0.023943        0.034644      -0.056788     -0.024086\n",
      "Modelo_Golf                   -0.076147  -0.089948       -0.093118   -0.089948      -0.086095          0.405108        -0.048407        -0.040569 -3.495256e-02 -4.056941e-02     -0.050213       -0.049317       -0.051970     -0.048407       -0.041615   -0.037287   -0.043642     1.000000        -0.047485     -0.043642        -0.044628      -0.039501    -0.046548  -0.032472  -0.036136      -0.052833  -0.039501  -0.038408  0.034741   -0.034741    -0.086288                -0.082385                    0.097974                  -0.050187                  0.032206                     0.137709    -0.066724                0.018425           -0.018425                    0.099212                    -0.025029                   -0.069394       0.006248   -2.092091e-02         -0.002644        0.006248       0.011459      0.056025\n",
      "Modelo_Insignia               -0.091537  -0.108128       -0.111939    0.527917      -0.103496         -0.117215        -0.058191        -0.048769 -4.201710e-02 -4.876921e-02     -0.060362       -0.059284       -0.062475     -0.058191       -0.050026   -0.044823   -0.052463    -0.047485         1.000000     -0.052463        -0.053648      -0.047485    -0.055956  -0.039035  -0.043440      -0.063511  -0.047485  -0.046170 -0.027606    0.027606     0.059065                 0.040157                   -0.100434                   0.054015                  0.007356                    -0.009114    -0.016450                0.018420           -0.018420                   -0.039584                     0.005795                    0.031721      -0.052095   -8.848865e-03          0.046619        0.014523      -0.001721      0.056814\n",
      "Modelo_Macan                  -0.084130  -0.099378       -0.102881   -0.099378       0.506912         -0.107730        -0.053483        -0.044823 -3.861709e-02 -4.482281e-02     -0.055477       -0.054487       -0.057419     -0.053483       -0.045978   -0.041196   -0.048218    -0.043642        -0.052463      1.000000        -0.049307      -0.043642    -0.051428  -0.035877  -0.039925      -0.058372  -0.043642  -0.042434  0.053919   -0.053919    -0.060341                -0.050174                    0.023261                  -0.004516                  0.029749                    -0.052227     0.002400                0.018345           -0.018345                    0.023921                     0.032570                   -0.053894       0.034644   -3.818888e-02          0.070343       -0.061190      -0.007917     -0.025841\n",
      "Modelo_Panamera               -0.086030  -0.101622       -0.105204   -0.101622       0.518358         -0.110163        -0.054690        -0.045835 -3.948907e-02 -4.583492e-02     -0.056730       -0.055717       -0.058716     -0.054690       -0.047016   -0.042126   -0.049307    -0.044628        -0.053648     -0.049307         1.000000      -0.044628    -0.052590  -0.036687  -0.040826      -0.059690  -0.044628  -0.043393 -0.041258    0.041258     0.028832                -0.076595                    0.081428                  -0.010116                  0.002085                     0.053836    -0.049984               -0.047192            0.047192                   -0.044021                     0.045494                   -0.002313      -0.064613    5.145808e-02         -0.049655        0.029301       0.035632     -0.038697\n",
      "Modelo_Passat                 -0.076147  -0.089948       -0.093118   -0.089948      -0.086095          0.405108        -0.048407        -0.040569 -3.495256e-02 -4.056941e-02     -0.050213       -0.049317       -0.051970     -0.048407       -0.041615   -0.037287   -0.043642    -0.039501        -0.047485     -0.043642        -0.044628       1.000000    -0.046548  -0.032472  -0.036136      -0.052833  -0.039501  -0.038408  0.002401   -0.002401    -0.030541                -0.007353                    0.002343                  -0.003063                  0.007918                     0.048571     0.038876                0.018425           -0.018425                   -0.038011                     0.109296                   -0.069394       0.084998   -2.092091e-02         -0.028063       -0.020003      -0.015314     -0.025875\n",
      "Modelo_Polo                   -0.089731  -0.105994       -0.109730   -0.105994      -0.101454          0.477380        -0.057043        -0.047807 -4.118815e-02 -4.780704e-02     -0.059171       -0.058115       -0.061242     -0.057043       -0.049039   -0.043939   -0.051428    -0.046548        -0.055956     -0.051428        -0.052590      -0.046548     1.000000  -0.038265  -0.042583      -0.062258  -0.046548  -0.045260  0.080515   -0.080515    -0.072267                 0.045746                    0.026600                  -0.020696                 -0.050114                     0.006111    -0.027974                0.027406           -0.027406                    0.083741                    -0.007172                   -0.072006       0.019259   -9.458308e-02         -0.013484        0.064469       0.025637      0.018695\n",
      "Modelo_Q5                      0.426442  -0.073942       -0.076548   -0.073942      -0.070775         -0.080157        -0.039794        -0.033350 -2.873307e-02 -3.335044e-02     -0.041278       -0.040541       -0.042723     -0.039794       -0.034210   -0.030652   -0.035877    -0.032472        -0.039035     -0.035877        -0.036687      -0.032472    -0.038265   1.000000  -0.029706      -0.043432  -0.032472  -0.031573 -0.114114    0.114114    -0.013355                 0.001863                   -0.038893                   0.070489                 -0.034960                    -0.002845    -0.079370               -0.031193            0.031193                    0.003462                     0.048793                   -0.050232       0.044974   -5.027173e-02          0.036405       -0.018103      -0.014282     -0.058162\n",
      "Modelo_Q7                      0.474559  -0.082285       -0.085186   -0.082285      -0.078761         -0.089201        -0.044284        -0.037113 -3.197511e-02 -3.711348e-02     -0.045936       -0.045116       -0.047543     -0.044284       -0.038070   -0.034111   -0.039925    -0.036136        -0.043440     -0.039925        -0.040826      -0.036136    -0.042583  -0.029706   1.000000      -0.048332  -0.036136  -0.035136  0.031347   -0.031347     0.076985                 0.037604                    0.048620                  -0.059383                 -0.024697                    -0.042816    -0.024201                0.052770           -0.052770                   -0.068771                     0.044944                    0.021539      -0.033307   -5.681818e-03         -0.012592       -0.004791       0.057936      0.012975\n",
      "Modelo_Tiguan                 -0.101846  -0.120305       -0.124545   -0.120305      -0.115152          0.541833        -0.064745        -0.054262 -4.674910e-02 -5.426164e-02     -0.067160       -0.065961       -0.069511     -0.064745       -0.055660   -0.049871   -0.058372    -0.052833        -0.063511     -0.058372        -0.059690      -0.052833    -0.062258  -0.043432  -0.048332       1.000000  -0.052833  -0.051370 -0.013135    0.013135     0.007686                 0.029699                    0.082591                  -0.016511                 -0.095726                    -0.072945     0.063173                0.050951           -0.050951                    0.002924                    -0.045273                    0.040826       0.009420    4.833212e-02         -0.080805        0.009420       0.016411      0.031746\n",
      "Modelo_X3                     -0.076147   0.439156       -0.093118   -0.089948      -0.086095         -0.097507        -0.048407        -0.040569 -3.495256e-02 -4.056941e-02     -0.050213       -0.049317       -0.051970     -0.048407       -0.041615   -0.037287   -0.043642    -0.039501        -0.047485     -0.043642        -0.044628      -0.039501    -0.046548  -0.032472  -0.036136      -0.052833   1.000000  -0.038408 -0.007111    0.007111     0.032236                 0.017658                    0.002343                   0.020499                 -0.040659                     0.082491     0.069122                0.039363           -0.039363                   -0.060881                     0.042133                    0.016810       0.032498   -2.092091e-02          0.022776        0.006248      -0.042087     -0.020615\n",
      "Modelo_X5                     -0.074039   0.426999       -0.090540   -0.087458      -0.083712         -0.094808        -0.047067        -0.039446 -3.398502e-02 -3.944638e-02     -0.048823       -0.047951       -0.050532     -0.047067       -0.040463   -0.036255   -0.042434    -0.038408        -0.046170     -0.042434        -0.043393      -0.038408    -0.045260  -0.031573  -0.035136      -0.051370  -0.038408   1.000000  0.008911   -0.008911     0.016649                -0.001746                    0.008735                  -0.093344                  0.089043                     0.012329    -0.022706               -0.035242            0.035242                   -0.008544                    -0.087222                    0.092012       0.038688    1.073594e-02         -0.049256        0.065629      -0.065507      0.008286\n",
      "Año                           -0.071123  -0.037444        0.057581   -0.034540       0.019089          0.054919        -0.057672        -0.005643 -1.818775e-02 -4.090934e-02     -0.030723        0.011269        0.018333      0.002443       -0.022380    0.017794    0.099063     0.034741        -0.027606      0.053919        -0.041258       0.002401     0.080515  -0.114114   0.031347      -0.013135  -0.007111   0.008911  1.000000   -1.000000     0.019632                 0.028589                   -0.058157                   0.018213                  0.012545                     0.026723    -0.088323               -0.069513            0.069513                   -0.021470                     0.012750                    0.007958      -0.030941    6.183372e-03          0.012714        0.079503      -0.069250     -0.020700\n",
      "Antigüedad                     0.071123   0.037444       -0.057581    0.034540      -0.019089         -0.054919         0.057672         0.005643  1.818775e-02  4.090934e-02      0.030723       -0.011269       -0.018333     -0.002443        0.022380   -0.017794   -0.099063    -0.034741         0.027606     -0.053919         0.041258      -0.002401    -0.080515   0.114114  -0.031347       0.013135   0.007111  -0.008911 -1.000000    1.000000    -0.019632                -0.028589                    0.058157                  -0.018213                 -0.012545                    -0.026723     0.088323                0.069513           -0.069513                    0.021470                    -0.012750                   -0.007958       0.030941   -6.183372e-03         -0.012714       -0.079503       0.069250      0.020700\n",
      "Kilometraje                    0.037802   0.081640        0.081579   -0.074901      -0.027494         -0.092240         0.013480         0.093400 -5.963803e-03  1.134203e-02     -0.128208        0.095433       -0.014509     -0.048005        0.006746   -0.004172    0.040278    -0.086288         0.059065     -0.060341         0.028832      -0.030541    -0.072267  -0.013355   0.076985       0.007686   0.032236   0.016649  0.019632   -0.019632     1.000000                -0.051739                    0.085910                  -0.036225                  0.000309                     0.005601    -0.045952               -0.041789            0.041789                   -0.800360                    -0.081232                    0.832375       0.002183    3.899976e-02         -0.065245        0.053255      -0.027750     -0.030475\n",
      "Tipo_Combustible_Diésel        0.036299   0.022787       -0.041573    0.060979      -0.076749          0.000943         0.013976         0.011713  4.513201e-02 -1.268946e-02      0.024565       -0.011334       -0.004533      0.034775       -0.041624    0.056941   -0.073001    -0.082385         0.040157     -0.050174        -0.076595      -0.007353     0.045746   0.001863   0.037604       0.029699   0.017658  -0.001746  0.028589   -0.028589    -0.051739                 1.000000                   -0.318634                  -0.328628                 -0.308650                    -0.036026     0.013169               -0.040583            0.040583                    0.055684                     0.016518                   -0.068372      -0.064489    5.260148e-02         -0.086084        0.091513       0.009253      0.037094\n",
      "Tipo_Combustible_Eléctrico    -0.007005  -0.035655       -0.002618   -0.108669       0.032810          0.115297        -0.004453        -0.073712  3.483494e-03 -2.705893e-02     -0.014243       -0.028982       -0.042134     -0.064096        0.036051   -0.009736    0.001440     0.097974        -0.100434      0.023261         0.081428       0.002343     0.026600  -0.038893   0.048620       0.082591   0.002343   0.008735 -0.058157    0.058157     0.085910                -0.318634                    1.000000                  -0.358615                 -0.336814                    -0.010295    -0.018709                0.064778           -0.064778                   -0.094364                     0.004520                    0.084568      -0.017688   -9.142147e-03         -0.031813        0.028196       0.032150     -0.028020\n",
      "Tipo_Combustible_Gasolina     -0.030744   0.000600        0.090289    0.024585      -0.041129         -0.047734         0.008621         0.059772 -5.413698e-02 -9.195621e-03     -0.039835        0.041822       -0.048592      0.028214        0.029870    0.010192    0.081503    -0.050187         0.054015     -0.004516        -0.010116      -0.003063    -0.020696   0.070489  -0.059383      -0.016511   0.020499  -0.093344  0.018213   -0.018213    -0.036225                -0.328628                   -0.358615                   1.000000                 -0.347378                     0.027758     0.048786               -0.025248            0.025248                    0.027283                    -0.004531                   -0.021347       0.059577   -5.631145e-02          0.096773       -0.064777      -0.038971     -0.055100\n",
